0.727832,0.427831
0.491967,0.770493
0.485002,0.782035
0.979205,0.359048
0.488600,0.405697
0.265634,0.680696
0.986634,0.933191
0.487929,0.099140
0.349577,0.236805
0.743253,0.800325
0.258693,0.234935
0.227792,0.853491
0.632883,0.722891
0.863137,0.517691
0.366796,0.595373
0.163766,0.325093
0.981001,0.406809
0.511106,0.979731
0.791497,0.609492
0.432132,0.598141
0.532452,0.796012
0.819260,0.204851
0.416093,0.617993
0.985368,0.012220
0.441712,0.569837
0.462556,0.154532
0.744504,0.289625
0.124828,0.433563
0.045121,0.237383
0.841862,0.557912
0.029546,0.007624
0.849425,0.163644
0.269925,0.706831
0.118029,0.294352
0.260259,0.558996
0.413296,0.107359
0.959655,0.848957
0.331358,0.579987
0.072582,0.988230
0.708830,0.571840
0.164006,0.973403
0.114149,0.669732
0.128044,0.637557
0.676472,0.346309
0.437977,0.098505
0.904321,0.097366
0.838957,0.669580
0.188231,0.633222
0.319474,0.305729
0.308293,0.202003
0.837053,0.253719
0.104128,0.218996
0.656740,0.597536
0.733407,0.054965
0.743415,0.145128
0.135455,0.438537
0.509881,0.840459
0.627244,0.023526
0.308744,0.240850
0.345462,0.173342
0.646853,0.185643
0.976765,0.697538
0.040170,0.438563
0.802331,0.608015
0.157906,0.240582
0.782350,0.810576
0.426375,0.102562
0.588199,0.203286
0.152779,0.555302
0.712815,0.639025
0.030192,0.853401
0.680263,0.308073
0.365193,0.533546
0.222458,0.259871
0.768318,0.965593
0.853726,0.765434
0.166889,0.859135
0.432283,0.983204
0.954386,0.102144
0.909430,0.464385
0.947812,0.465777
0.015234,0.359001
0.698301,0.462671
0.525538,0.072962
0.692096,0.526782
0.574958,0.327642
0.133159,0.434424
0.313137,0.400972
0.368520,0.333735
0.777280,0.859100
0.354676,0.938159
0.122196,0.321313
0.208541,0.889428
0.445134,0.839057
0.954270,0.632703
0.728554,0.944630
0.650099,0.779206
0.863720,0.409010
0.077450,0.094956
0.256216,0.605406
0.995597,0.110467
0.296797,0.247327
0.208572,0.482689
0.655736,0.977959
0.384035,0.638394
0.525806,0.903556
0.216613,0.857908
0.449462,0.979085
0.415628,0.737886
0.791998,0.018288
0.339586,0.887804
0.792463,0.146684
0.933885,0.388850
0.166987,0.196835
0.780360,0.703858
0.159507,0.606888
0.983862,0.794708
0.114599,0.020067
0.941712,0.690642
0.259359,0.333419
0.344449,0.241223
0.879504,0.832123
0.923159,0.097121
0.806505,0.360114
0.863352,0.983124
0.349426,0.492581
0.083077,0.425806
0.842247,0.215548
0.921644,0.192892
0.661706,0.898038
0.037779,0.559923
0.803207,0.615525
0.371255,0.175060
0.508874,0.334180
0.301849,0.947847
0.077743,0.797394
0.395334,0.387024
0.559966,0.417425
0.374526,0.941227
0.649741,0.088881
0.352928,0.425344
0.512809,0.285485
0.942434,0.738710
0.416336,0.656294
0.031469,0.543506
0.116415,0.108133
0.876702,0.167895
0.128057,0.104381
0.857058,0.432346
0.751470,0.769011
0.571358,0.634187
0.684261,0.938185
0.005321,0.397497
0.149904,0.078034
0.741537,0.859683
0.716603,0.031669
0.486196,0.306963
0.441814,0.629224
0.449306,0.679741
0.578729,0.797396
0.068412,0.922476
0.333510,0.150187
0.800321,0.483909
0.133402,0.101229
0.071618,0.405064
0.526601,0.542940
0.062001,0.531823
0.552669,0.802148
0.239676,0.082012
0.989454,0.179378
0.767083,0.614276
0.664418,0.670865
0.760409,0.841275
0.340578,0.196592
0.694017,0.342215
0.934735,0.928975
0.232214,0.044583
0.490744,0.264783
0.164498,0.858807
0.887645,0.276543
0.935841,0.432323
0.658554,0.390360
0.054521,0.086327
0.295233,0.923294
0.136779,0.335566
0.889126,0.217728
0.676538,0.734840
0.375979,0.201832
0.619017,0.113768
0.070395,0.130332
0.530090,0.841854
0.868353,0.443855
0.980291,0.508151
0.739220,0.627998
0.171489,0.480094
0.220127,0.625781
0.699374,0.144143
0.048618,0.593821
0.061837,0.103952
0.603714,0.245746
0.149252,0.239685
0.660144,0.856955
0.611415,0.974557
0.973585,0.342680
0.601503,0.310051
0.689850,0.110255
0.017533,0.822071
0.358682,0.399737
0.304741,0.419596
0.207098,0.076382
0.437204,0.372761
0.603431,0.351336
0.986669,0.148136
0.045245,0.077006
0.532132,0.454177
0.243809,0.581984
0.292170,0.572679
0.075235,0.965888
0.898782,0.414698
0.000686,0.284056
0.867316,0.485298
0.995787,0.568577
0.785241,0.156317
0.387309,0.372511
0.593946,0.944659
0.533030,0.483159
0.393424,0.337362
0.248693,0.440993
0.696188,0.639541
0.895910,0.183805
0.873793,0.275724
0.591255,0.118880
0.730734,0.018615
0.057071,0.313199
0.083124,0.733554
0.589066,0.244609
0.217313,0.426841
0.186057,0.428726
0.491869,0.674835
0.511906,0.815646
0.186874,0.068351
0.210658,0.280166
0.950202,0.255698
0.918693,0.673046
0.517172,0.512232
0.450615,0.866200
0.407893,0.559247
0.417499,0.802903
0.422119,0.829260
0.963898,0.450975
0.986314,0.074410
0.844780,0.824116
0.878979,0.025667
0.269454,0.002274
0.420244,0.997523
0.813193,0.417082
0.961314,0.417210
0.212204,0.397205
0.199396,0.594660
0.411008,0.412008
0.711248,0.250372
0.985026,0.538870
0.578972,0.602227
0.647265,0.660492
0.331465,0.077972
0.625814,0.096410
0.572368,0.765788
0.988572,0.641487
0.784921,0.641313
0.199021,0.574000
0.706997,0.069611
0.938974,0.784135
0.418009,0.289351
0.392349,0.707586
0.895993,0.772460
0.605987,0.514438
0.887010,0.559301
0.019607,0.390195
0.906720,0.686151
0.780222,0.539271
0.054970,0.111195
0.117291,0.591464
0.386834,0.914461
0.021373,0.442674
0.003302,0.556003
0.442268,0.537404
0.081249,0.174532
0.304423,0.425245
0.780262,0.073747
0.970084,0.937867
0.741092,0.251187
0.710364,0.645955
0.486416,0.451803
0.661838,0.094320
0.821618,0.627837
0.018988,0.316476
0.238138,0.209421
0.283658,0.108834
0.601086,0.764498
0.108630,0.910061
0.756110,0.142826
0.541218,0.127399
0.332361,0.308169
0.784642,0.758575
0.908418,0.329390
0.363703,0.430791
0.478125,0.945577
0.549849,0.725303
0.913453,0.412503
0.921711,0.325418
0.849104,0.980823
0.379904,0.791115
0.258586,0.911967
0.263630,0.679060
0.910108,0.591602
0.344848,0.316066
0.995720,0.258347
0.635770,0.242831
0.884669,0.796254
0.897950,0.430206
0.298733,0.067206
0.796414,0.020305
0.682923,0.363453
0.555461,0.929037
0.500095,0.302547
0.769155,0.902367
0.646159,0.785380
0.647947,0.299886
0.561615,0.831822
0.892290,0.197048
0.468816,0.257673
0.415996,0.275159
0.957297,0.025625
0.930399,0.952384
0.991021,0.233842
0.368418,0.722494
0.974848,0.430415
0.423532,0.121030
0.963239,0.258861
0.714304,0.554791
0.331746,0.949008
0.278938,0.519787
0.259116,0.728186
0.239604,0.990093
0.416781,0.373600
0.271944,0.004494
0.094035,0.990478
0.348105,0.718697
0.609924,0.334683
0.295214,0.038455
0.070835,0.569522
0.314730,0.823764
0.391203,0.505538
0.537813,0.170110
0.658687,0.796464
0.087853,0.021439
0.829093,0.691155
0.192153,0.058951
0.459460,0.870087
0.325092,0.371126
0.725587,0.378317
0.636353,0.714068
0.294238,0.394653
0.955612,0.521866
0.497021,0.412563
0.077930,0.591744
0.574808,0.426185
0.681447,0.251072
0.695461,0.439413
0.471913,0.555249
0.882487,0.786814
0.511086,0.939900
0.661186,0.975300
0.972272,0.599334
0.205095,0.591288
0.428693,0.308549
0.840060,0.396783
0.423684,0.998023
0.056701,0.153141
0.128035,0.317219
0.542288,0.798870
0.071453,0.106271
0.014328,0.540795
0.077404,0.000788
0.497628,0.785267
0.670868,0.665542
0.863846,0.065675
0.770717,0.265754
0.616423,0.444554
0.520518,0.633422
0.530552,0.096869
0.712701,0.696711
0.518704,0.795550
0.047969,0.815282
0.236957,0.149199
0.550748,0.113325
0.375705,0.965298
0.028677,0.482193
0.888565,0.938917
0.247260,0.475558
0.292587,0.766371
0.649073,0.108435
0.772331,0.476853
0.212205,0.344959
0.806757,0.976005
0.458774,0.036039
0.785855,0.200844
0.125534,0.422268
0.362039,0.988788
0.733407,0.148494
0.089131,0.303708
0.071032,0.334080
0.670025,0.279157
0.205048,0.989704
0.634877,0.907578
0.676163,0.677985
0.392293,0.911435
0.884288,0.744055
0.534228,0.669177
0.289339,0.347550
0.469683,0.142492
0.661757,0.379115
0.603217,0.067988
0.289243,0.605640
0.468024,0.270939
0.195823,0.911765
0.871131,0.286079
0.920184,0.712656
0.440690,0.348849
0.858369,0.336606
0.395477,0.119423
0.208883,0.754827
0.574580,0.062824
0.750832,0.529180
0.162190,0.553940
0.892061,0.411390
0.163879,0.038330
0.039292,0.284614
0.027193,0.584024
0.487372,0.899251
0.774043,0.245484
0.536507,0.537316
0.581024,0.685998
0.152336,0.789746
0.036995,0.544798
0.067809,0.232954
0.229720,0.617296
0.763754,0.040642
0.810140,0.397115
0.960436,0.423869
0.335104,0.505526
0.455124,0.124088
0.820309,0.294994
0.259683,0.024315
0.480764,0.836257
0.857889,0.399795
0.173074,0.401923
0.943898,0.955398
0.588001,0.349389
0.625145,0.500132
0.151056,0.550653
0.551970,0.380646
0.293160,0.635105
0.382787,0.758801
0.463788,0.813192
0.998305,0.509553
0.407544,0.082080
0.013481,0.071592
0.746198,0.200892
0.034026,0.542417
0.860983,0.251898
0.060850,0.857652
0.385990,0.988297
0.027570,0.356935
0.469661,0.243166
0.374482,0.864996
0.170584,0.097484
0.245170,0.020134
0.963497,0.514544
0.247651,0.810282
0.055952,0.856032
0.106037,0.509000
0.199987,0.976992
0.547775,0.177696
0.420619,0.086296
0.272664,0.972167
0.954001,0.683417
0.149038,0.067857
0.954440,0.136669
0.394561,0.008594
0.791547,0.170043
0.315143,0.881509
0.536064,0.210739
0.422722,0.741595
0.734881,0.808034
0.269009,0.915630
0.675720,0.563652
0.187694,0.312992
0.641706,0.833830
0.634315,0.375916
0.053908,0.144704
0.510235,0.387690
0.672639,0.604827
0.827139,0.944470
0.262600,0.073258
0.499382,0.251397
0.824427,0.536965
0.224478,0.540353
0.553516,0.540975
0.983963,0.591501
0.044992,0.859492
0.782448,0.899002
0.246573,0.500509
0.941514,0.454892
0.234362,0.153670
0.869316,0.372110
0.372865,0.958730
0.210435,0.522935
0.191579,0.489896
0.736895,0.360483
0.205011,0.465215
0.803559,0.776940
0.486942,0.589810
0.264692,0.989248
0.082795,0.303061
0.669727,0.931308
0.654378,0.274540
0.764649,0.643706
0.251113,0.961462
0.530143,0.955980
0.618759,0.317043
0.976876,0.330464
0.297777,0.784204
0.597907,0.739020
0.246396,0.652989
0.945963,0.793000
0.228247,0.999197
0.297289,0.589552
0.222765,0.822183
0.303646,0.229443
0.895317,0.534351
0.820911,0.377367
0.824176,0.917278
0.421168,0.894535
0.258878,0.908446
0.091768,0.610493
0.552686,0.835359
0.976043,0.697896
0.070529,0.945316
0.525208,0.155208
0.634571,0.425828
0.580289,0.028487
0.709993,0.554625
0.896785,0.218243
0.214417,0.218693
0.461510,0.841783
0.191429,0.876663
0.069255,0.533215
0.582711,0.868000
0.920995,0.852020
0.179311,0.926852
0.433979,0.447825
0.185497,0.666696
0.720903,0.816887
0.034509,0.405827
0.465812,0.051147
0.126085,0.628777
0.030498,0.644387
0.801082,0.419611
0.249003,0.949925
0.904312,0.201982
0.178655,0.582372
0.456700,0.343052
0.589540,0.350081
0.125180,0.090432
0.890689,0.347853
0.274806,0.013337
0.738726,0.195125
0.368592,0.879665
0.653377,0.418914
0.373732,0.066914
0.587178,0.310376
0.903878,0.506241
0.442402,0.581104
0.685655,0.303338
0.225546,0.816116
0.870276,0.436835
0.258598,0.048919
0.824023,0.847959
0.131141,0.439663
0.766967,0.117715
0.437324,0.085689
0.966567,0.856190
0.970935,0.381671
0.144224,0.002284
0.776696,0.046894
0.995968,0.884764
0.693506,0.841647
0.349933,0.451266
0.822686,0.306188
0.891785,0.044938
0.365137,0.523574
0.377211,0.120269
0.392700,0.032178
0.085055,0.950929
0.390356,0.273979
0.710482,0.995506
0.345591,0.608239
0.311741,0.040195
0.624071,0.835630
0.898611,0.180487
0.324113,0.302622
0.409546,0.828169
0.421246,0.797584
0.009801,0.892361
0.968562,0.766474
0.053165,0.618261
0.010673,0.212985
0.655051,0.575749
0.120469,0.205900
0.139543,0.625963
0.542468,0.109268
0.477161,0.285625
0.893252,0.551008
0.632409,0.574665
0.300434,0.816348
0.862092,0.722160
0.084887,0.278236
0.858957,0.941943
0.971468,0.719819
0.489528,0.649936
0.163476,0.308001
0.259220,0.032298
0.414154,0.088540
0.152699,0.991153
0.729524,0.620658
0.535876,0.604749
0.102148,0.942888
0.139807,0.167072
0.315260,0.279969
0.864570,0.929223
0.018974,0.700498
0.115012,0.537438
0.056225,0.764858
0.165001,0.568630
0.924189,0.516367
0.519120,0.735726
0.022375,0.080935
0.660698,0.088168
0.188409,0.616054
0.893543,0.550294
0.682551,0.756673
0.611603,0.462902
0.791001,0.733916
0.915455,0.000937
0.709548,0.295403
0.982780,0.490177
0.783550,0.535576
0.451191,0.401808
0.009026,0.929034
0.780631,0.618483
0.655428,0.705727
0.464409,0.907354
0.262972,0.365541
0.142989,0.092518
0.579038,0.435735
0.721656,0.350208
0.397725,0.283623
0.545299,0.638094
0.416632,0.195222
0.701397,0.168674
0.074065,0.878881
0.573625,0.691128
0.483977,0.652133
0.250506,0.876747
0.633900,0.767905
0.650111,0.327021
0.393363,0.368479
0.404213,0.856247
0.296828,0.051792
0.194063,0.422927
0.701152,0.754750
0.252288,0.273576
0.209735,0.820597
0.457181,0.303836
0.690719,0.421949
0.899392,0.080560
0.705727,0.494915
0.935678,0.224617
0.289809,0.572585
0.862396,0.378308
0.838652,0.176076
0.063345,0.917858
0.717287,0.512564
0.473014,0.544547
0.817606,0.707367
0.933723,0.503825
0.447025,0.104220
0.070203,0.080147
0.567459,0.375862
0.310191,0.531914
0.112272,0.371794
0.238609,0.247862
0.074996,0.421054
0.415760,0.288911
0.417418,0.546760
0.997008,0.411800
0.108526,0.851787
0.174664,0.299438
0.283639,0.198203
0.142708,0.975155
0.961169,0.087059
0.169708,0.744597
0.942146,0.153398
0.047802,0.895431
0.567874,0.404596
0.219078,0.396324
0.504906,0.788332
0.086479,0.237854
0.974124,0.009499
0.331537,0.704031
0.132134,0.730578
0.124662,0.170481
0.777348,0.986398
0.922359,0.837612
0.538728,0.276650
0.441658,0.949131
0.009443,0.624598
0.214880,0.350047
0.960026,0.392187
0.535062,0.467079
0.928663,0.120103
0.044033,0.387588
0.700414,0.406372
0.833422,0.569982
0.577878,0.337970
0.024146,0.386084
0.236274,0.207709
0.888644,0.973901
0.677559,0.814848
0.841831,0.122248
0.329408,0.543387
0.268781,0.971396
0.548898,0.246957
0.679023,0.554600
0.280308,0.379048
0.320724,0.629616
0.319735,0.465873
0.259984,0.119666
0.410833,0.618377
0.283136,0.873314
0.443775,0.451277
0.124270,0.231987
0.963522,0.975497
0.780804,0.561520
0.338727,0.321011
0.109136,0.857438
0.330021,0.133096
0.298047,0.713526
0.480541,0.830304
0.418489,0.632918
0.732792,0.997158
0.714727,0.023043
0.076814,0.165732
0.422479,0.379562
0.905563,0.272907
0.818388,0.014227
0.323326,0.327891
0.194977,0.105707
0.439293,0.003621
0.987716,0.774388
0.092302,0.770876
0.792507,0.732727
0.176869,0.325945
0.763003,0.705919
0.347565,0.963808
0.097697,0.790420
0.927126,0.056931
0.762731,0.342576
0.835279,0.312110
0.712138,0.095855
0.861752,0.786471
0.480598,0.258558
0.426446,0.423008
0.829637,0.091737
0.182673,0.508899
0.931798,0.193656
0.570758,0.693326
0.447098,0.785276
0.872079,0.601227
0.933836,0.464961
0.179631,0.908414
0.088475,0.993123
0.758731,0.353166
0.830205,0.642835
0.147522,0.490083
0.472044,0.561689
0.535416,0.940376
0.234187,0.575262
0.141847,0.020034
0.252018,0.260598
0.346077,0.256127
0.986744,0.128524
0.253548,0.520893
0.644532,0.434472
0.464139,0.580590
0.467956,0.810030
0.328178,0.394331
0.911143,0.488392
0.898426,0.674696
0.100703,0.681477
0.196010,0.652765
0.318265,0.537912
0.053146,0.771539
0.315286,0.126180
0.109237,0.820495
0.256051,0.094110
0.695590,0.066832
0.122379,0.337866
0.670236,0.601371
0.383173,0.915961
0.320681,0.953824
0.366238,0.202759
0.197332,0.039188
0.133274,0.477091
0.281757,0.066659
0.352167,0.647260
0.338450,0.607348
0.868533,0.861015
0.263631,0.598336
0.886939,0.506284
0.107303,0.967692
0.695340,0.527102
0.068363,0.373902
0.623155,0.685674
0.744128,0.851123
0.755128,0.032420
0.096122,0.394872
0.822284,0.555218
0.176650,0.901265
0.618037,0.136952
0.764869,0.490561
0.548274,0.032888
0.636759,0.889729
0.379704,0.164806
0.298383,0.874319
0.817010,0.328541
0.912281,0.889374
0.900682,0.096928
0.323250,0.694146
0.810781,0.332201
0.063283,0.095502
0.216547,0.777071
0.434505,0.748916
0.908115,0.780305
0.201958,0.729905
0.672361,0.732125
0.619953,0.746064
0.544702,0.460729
0.429331,0.232074
0.192303,0.464179
0.685726,0.403257
0.201266,0.211832
0.052393,0.552765
0.291341,0.857352
0.157453,0.697180
0.737561,0.577498
0.928535,0.444323
0.107060,0.942140
0.517262,0.478007
0.770875,0.836968
0.282907,0.355347
0.444639,0.740021
0.923888,0.870563
0.874109,0.517454
0.803898,0.863837
0.553422,0.615368
0.906962,0.355252
0.314918,0.848317
0.655459,0.039520
0.173854,0.841655
0.165896,0.998263
0.187409,0.968495
0.701895,0.666636
0.094416,0.538475
0.842572,0.186902
0.394640,0.733192
0.885177,0.546488
0.035213,0.783927
0.126665,0.244754
0.902169,0.041240
0.760202,0.900062
0.429788,0.078597
0.260996,0.309248
0.948218,0.281771
0.024068,0.661412
0.247303,0.136266
0.656797,0.265185
0.400456,0.825645
0.813614,0.750840
0.423021,0.063088
0.861727,0.768484
0.967692,0.585995
0.790686,0.513881
0.130476,0.995716
0.732414,0.068256
0.750647,0.150168
0.838355,0.312760
0.042836,0.909265
0.652850,0.694904
0.956648,0.195343
0.078946,0.991810
0.162446,0.465239
0.793251,0.228699
0.352194,0.595792
0.167541,0.221974
0.257659,0.472320
0.806208,0.165634
0.269478,0.264026
0.915916,0.133429
0.020621,0.949915
0.745706,0.466824
0.246977,0.091263
0.437500,0.021655
0.889170,0.339704
0.657445,0.720848
0.650873,0.316841
0.939537,0.975239
0.750507,0.481895
0.783240,0.529296
0.339570,0.827125
0.304163,0.204059
0.231402,0.811471
0.559999,0.726522
0.574727,0.126605
0.262934,0.154930
0.393792,0.538359
0.017885,0.890925
0.197991,0.518960
0.296395,0.420918
0.515657,0.582460
0.313382,0.227100
0.162065,0.386843
0.211250,0.709552
0.623686,0.288132
0.807791,0.077593
0.323389,0.282410
0.571505,0.073233
0.307854,0.970207
0.812675,0.648496
0.605713,0.669418
0.608534,0.391737
0.262296,0.777398
0.194855,0.045232
0.336161,0.421793
0.516230,0.916672
0.721883,0.891360
0.716506,0.060059
0.720934,0.388508
0.976935,0.556237
0.229111,0.635454
0.291480,0.895222
0.847558,0.446680
0.541128,0.656873
0.954041,0.806250
0.934774,0.648244
0.857358,0.439412
0.886330,0.828022
0.506752,0.066791
0.923194,0.271963
0.447781,0.529394
0.381755,0.070533
0.555703,0.582626
0.124020,0.511860
0.888318,0.028318
0.307144,0.985426
0.022830,0.959410
0.817889,0.144307
0.713439,0.117079
0.302392,0.744514
0.067571,0.018505
0.377001,0.575234
0.626657,0.155763
0.225734,0.381309
0.311688,0.466525
0.954020,0.191191
0.938942,0.295857
0.200433,0.733729
0.808293,0.285135
0.180896,0.184911
0.395299,0.256304
0.181592,0.333563
0.932087,0.118655
0.643670,0.185277
0.329992,0.794103
0.711907,0.891580
0.388775,0.171619
0.028559,0.791926
0.024555,0.961653
0.090289,0.980088
